27 0.1669921875 0.052083333333333336 0.294921875 0.059895833333333336
26 0.060546875 0.9003958333333333 0.021484375 0.07421875
20 0.0390625 0.8880208333333334 0.021484375 0.09895833333333333
46 0.81796875 0.35520833333333335 0.8171875 0.36666666666666664 0.821875 0.38125 0.82734375 0.3802083333333333 0.8375 0.38645833333333335 0.8484375 0.378125 0.84765625 0.3625 0.83828125 0.35104166666666664 0.82578125 0.3489583333333333
49 0.56640625 0.38125 0.56640625 0.396875 0.5578125 0.4041666666666667 0.578125 0.4041666666666667 0.61328125 0.39375 0.6078125 0.37395833333333334 0.5796875 0.37395833333333334
49 0.459375 0.39166666666666666 0.45625 0.396875 0.45859375 0.4114583333333333 0.46171875 0.42083333333333334 0.465625 0.42291666666666666 0.54453125 0.40625 0.5265625 0.38229166666666664 0.484375 0.3885416666666667 0.4703125 0.39479166666666665
49 0.52890625 0.36041666666666666 0.5296875 0.38125 0.53828125 0.4 0.54296875 0.4041666666666667 0.5578125 0.4041666666666667 0.5640625 0.4 0.5671875 0.38958333333333334 0.559375 0.36875
49 0.44375 0.36875 0.44609375 0.3875 0.45625 0.3958333333333333 0.46484375 0.3958333333333333 0.5234375 0.36770833333333336 0.52578125 0.3625 0.49921875 0.35520833333333335 0.4765625 0.3541666666666667
49 0.465625 0.3302083333333333 0.4625 0.34479166666666666 0.46484375 0.3489583333333333 0.58203125 0.37083333333333335 0.60703125 0.3697916666666667 0.61328125 0.36354166666666665 0.61640625 0.35104166666666664 0.615625 0.33541666666666664 0.59765625 0.33125 0.48203125 0.3177083333333333 0.4734375 0.31875
49 0.4484375 0.30625 0.4484375 0.31354166666666666 0.46328125 0.3177083333333333 0.578125 0.328125 0.58828125 0.3260416666666667 0.5953125 0.3072916666666667 0.5921875 0.2989583333333333 0.5484375 0.29583333333333334 0.53125 0.29270833333333335 0.52890625 0.28854166666666664 0.5140625 0.2916666666666667 0.4640625 0.2875 0.4546875 0.290625
49 0.50078125 0.2791666666666667 0.49765625 0.28958333333333336 0.51484375 0.29375 0.51875 0.31354166666666666 0.5203125 0.29270833333333335 0.53125 0.29375 0.52578125 0.2791666666666667 0.5203125 0.275 0.50859375 0.27291666666666664