27 0.1669921875 0.052083333333333336 0.294921875 0.059895833333333336
26 0.060546875 0.9003958333333333 0.021484375 0.07421875
20 0.0390625 0.8880208333333334 0.021484375 0.09895833333333333
44 0.4990234375 0.8984375 0.06640625 0.0234375
46 0.41875 0.3104166666666667 0.41796875 0.3177083333333333 0.42109375 0.3229166666666667 0.4296875 0.3229166666666667 0.43515625 0.3177083333333333 0.42890625 0.30520833333333336 0.425 0.30416666666666664
46 0.47734375 0.28541666666666665 0.47734375 0.29375 0.4875 0.29375 0.49453125 0.2864583333333333 0.490625 0.2791666666666667 0.484375 0.2791666666666667
46 0.79453125 0.2916666666666667 0.79375 0.3 0.796875 0.303125 0.81328125 0.30104166666666665 0.8203125 0.29583333333333334 0.81796875 0.28854166666666664 0.81015625 0.284375 0.80078125 0.28541666666666665
46 0.8921875 0.3072916666666667 0.89140625 0.31145833333333334 0.90703125 0.328125 0.921875 0.3229166666666667 0.92578125 0.31666666666666665 0.92265625 0.30104166666666665 0.91328125 0.29375
46 0.625 0.13125 0.62890625 0.1375 0.63828125 0.13333333333333333 0.634375 0.125
46 0.6265625 0.109375 0.628125 0.115625 0.6375 0.11458333333333333 0.640625 0.11041666666666666 0.63671875 0.10416666666666667
46 0.09765625 0.43645833333333334 0.096875 0.446875 0.103125 0.45416666666666666 0.1125 0.44895833333333335 0.12265625 0.43125 0.11015625 0.428125
46 0.0484375 0.44895833333333335 0.0484375 0.45729166666666665 0.059375 0.4635416666666667 0.0671875 0.4635416666666667 0.075 0.453125 0.07421875 0.446875 0.06015625 0.44166666666666665 0.0515625 0.44375
46 0.8921875 0.3072916666666667 0.89140625 0.31145833333333334 0.9078125 0.328125 0.921875 0.3229166666666667 0.92578125 0.3177083333333333 0.92265625 0.30104166666666665 0.91171875 0.29375