27 0.1669921875 0.052083333333333336 0.294921875 0.059895833333333336
26 0.060546875 0.9003958333333333 0.021484375 0.07421875
20 0.0390625 0.8880208333333334 0.021484375 0.09895833333333333
45 0.8466796875 0.06640625 0.052734375 0.08072916666666667
5 0.4921875 0.5145833333333333 0.49140625 0.559375 0.5046875 0.6104166666666667 0.50703125 0.5916666666666667 0.50625 0.5208333333333334 0.50078125 0.509375 0.49765625 0.5083333333333333
3 0.7859375 0.5802083333333333 0.7828125 0.5822916666666667 0.78828125 0.5916666666666667 0.8 0.603125 0.803125 0.6010416666666667 0.81796875 0.6125 0.840625 0.6375 0.86953125 0.634375 0.87734375 0.6375 0.89453125 0.6302083333333334 0.90859375 0.63125 0.95703125 0.6208333333333333 0.9765625 0.6270833333333333 0.99375 0.64375 0.99921875 0.6447916666666667 0.99921875 0.5989583333333334 0.978125 0.6072916666666667 0.9234375 0.609375 0.8921875 0.6135416666666667 0.87734375 0.6229166666666667 0.85859375 0.6229166666666667 0.846875 0.621875 0.80859375 0.5916666666666667
3 0.83671875 0.48125 0.84453125 0.4979166666666667 0.86796875 0.51875 0.84453125 0.578125 0.834375 0.5895833333333333 0.83515625 0.6020833333333333 0.8515625 0.5958333333333333 0.86015625 0.5854166666666667 0.86953125 0.55 0.88125 0.521875 0.88828125 0.5166666666666667 0.92734375 0.5270833333333333 0.940625 0.5260416666666666 0.94140625 0.5229166666666667 0.93515625 0.5177083333333333 0.9078125 0.5145833333333333 0.88046875 0.503125 0.86796875 0.5052083333333334 0.84609375 0.49166666666666664
3 0.534375 0.49895833333333334 0.53359375 0.515625 0.5359375 0.5166666666666667 0.5390625 0.5145833333333333 0.5453125 0.49166666666666664 0.55 0.48854166666666665 0.56015625 0.4895833333333333 0.58125 0.503125 0.5890625 0.5010416666666667 0.58671875 0.4947916666666667 0.56171875 0.4791666666666667 0.56171875 0.471875 0.53984375 0.48854166666666665
35 0.035648437500000005 0.5963541666666666 0.0712890625 0.08333333333333333
12 0.559375 0.26145833333333335 0.56015625 0.3072916666666667 0.57109375 0.30833333333333335 0.57578125 0.27291666666666664 0.5734375 0.2677083333333333
46 0.50859375 0.328125 0.50859375 0.3375 0.51796875 0.334375