32 0.49140625 0.46979166666666666 0.48984375 0.4822916666666667 0.4953125 0.490625 0.50859375 0.48333333333333334 0.51015625 0.46979166666666666 0.5078125 0.46458333333333335 0.49765625 0.4635416666666667
32 0.39375 0.4864583333333333 0.38828125 0.49375 0.390625 0.5052083333333334 0.4078125 0.5135416666666667 0.4140625 0.5010416666666667 0.41484375 0.48854166666666665 0.40546875 0.484375
32 0.0640625 0.1875 0.06328125 0.196875 0.07421875 0.209375 0.08125 0.20833333333333334 0.0890625 0.196875 0.08828125 0.18854166666666666 0.08125 0.18125 0.07109375 0.18020833333333333
35 0.10390625 0.1875 0.10703125 0.21770833333333334 0.121875 0.21666666666666667 0.12109375 0.18645833333333334 0.1125 0.17916666666666667
27 0.021875 0.04479166666666667 0.025 0.07395833333333333 0.05703125 0.07395833333333333 0.059375 0.03229166666666667 0.028125 0.026041666666666668 0.0234375 0.03229166666666667
27 0.06171875 0.034375 0.06015625 0.07291666666666667 0.09140625 0.07395833333333333 0.09140625 0.028125 0.084375 0.026041666666666668 0.078125 0.03125 0.07265625 0.028125
27 0.09765625 0.04895833333333333 0.0984375 0.07395833333333333 0.1296875 0.07395833333333333 0.12734375 0.030208333333333334 0.125 0.027083333333333334 0.10546875 0.027083333333333334 0.1 0.03229166666666667 0.1015625 0.040625
27 0.134375 0.05 0.134375 0.07395833333333333 0.16640625 0.07395833333333333 0.1640625 0.029166666666666667 0.14375 0.028125 0.13671875 0.034375
27 0.17265625 0.034375 0.16953125 0.04895833333333333 0.171875 0.07395833333333333 0.1875 0.07604166666666666 0.20234375 0.07291666666666667 0.20234375 0.03125 0.178125 0.029166666666666667
27 0.2078125 0.04895833333333333 0.20859375 0.07395833333333333 0.2390625 0.07395833333333333 0.240625 0.035416666666666666 0.234375 0.026041666666666668 0.21875 0.025 0.209375 0.03229166666666667 0.21171875 0.042708333333333334
27 0.246875 0.03229166666666667 0.24765625 0.041666666666666664 0.24296875 0.04895833333333333 0.24375 0.07291666666666667 0.2734375 0.07395833333333333 0.27578125 0.07083333333333333 0.27578125 0.03229166666666667 0.26484375 0.025 0.25625 0.025
27 0.28046875 0.04583333333333333 0.2796875 0.07083333333333333 0.2828125 0.07395833333333333 0.3078125 0.07395833333333333 0.31171875 0.06770833333333333 0.3140625 0.046875 0.31640625 0.046875 0.31171875 0.029166666666666667 0.303125 0.022916666666666665 0.2859375 0.025 0.28828125 0.036458333333333336
29 0.01640625 0.06354166666666666 0.01796875 0.22395833333333334 0.02265625 0.22916666666666666 0.14296875 0.23229166666666667 0.1640625 0.228125 0.184375 0.23125 0.30625 0.23020833333333332 0.31875 0.22708333333333333 0.32109375 0.22083333333333333 0.31953125 0.21145833333333333 0.325 0.203125 0.3515625 0.20208333333333334 0.34921875 0.18333333333333332 0.35234375 0.175 0.3453125 0.16875 0.3453125 0.09270833333333334 0.35234375 0.084375 0.35234375 0.0625 0.34375 0.057291666666666664 0.33828125 0.06458333333333334 0.33125 0.06666666666666667 0.321875 0.05416666666666667 0.31796875 0.040625 0.31953125 0.028125 0.31640625 0.023958333333333335 0.02265625 0.022916666666666665 0.01875 0.028125 0.01953125 0.042708333333333334 0.02265625 0.046875
44 0.471875 0.8927083333333333 0.47265625 0.9041666666666667 0.5234375 0.9020833333333333 0.521875 0.8916666666666667
26 0.053125 0.9104166666666667 0.053125 0.9302083333333333 0.05703125 0.934375 0.0671875 0.9333333333333333 0.06796875 0.909375
20 0.02734375 0.9135416666666667 0.02890625 0.9333333333333333 0.04375 0.9354166666666667 0.05078125 0.93125 0.04765625 0.903125 0.04296875 0.9010416666666666 0.04140625 0.9072916666666667 0.0328125 0.9052083333333333
20 0.03046875 0.8791666666666667 0.03203125 0.8958333333333334 0.0359375 0.8989583333333333 0.0421875 0.896875 0.04375 0.8802083333333334 0.03671875 0.8739583333333333