27 0.1669921875 0.052083333333333336 0.294921875 0.059895833333333336
26 0.060546875 0.9003958333333333 0.021484375 0.07421875
20 0.0390625 0.8880208333333334 0.021484375 0.09895833333333333
42 0.3625 0.17916666666666667 0.36171875 0.21979166666666666 0.37265625 0.228125 0.375 0.24583333333333332 0.378125 0.24479166666666666 0.3796875 0.20625 0.38515625 0.19791666666666666 0.39453125 0.21076354166666667 0.3953125 0.23020833333333332 0.40078125 0.24895833333333334 0.4015625 0.18333333333333332 0.3828125 0.12604166666666666 0.378125 0.12604166666666666 0.37265625 0.13229166666666667 0.3734375 0.140625 0.36796875 0.146875
5 0.51171875 0.5885416666666666 0.5 0.6697916666666667 0.5046875 0.6854166666666667 0.5265625 0.5989583333333334 0.53203125 0.5572916666666666 0.52890625 0.546875 0.521875 0.546875 0.51875 0.5510416666666667
46 0.1953125 0.434375 0.196875 0.44583333333333336 0.203125 0.4510416666666667 0.2171875 0.43854166666666666 0.2203125 0.43125 0.215625 0.42291666666666666 0.2046875 0.421875 0.2 0.4239583333333333
46 0.19765625 0.41770833333333335 0.19765625 0.4239583333333333 0.21640625 0.42083333333333334 0.21875 0.409375 0.21484375 0.403125 0.20625 0.40520833333333334
46 0.2328125 0.33229166666666665 0.23359375 0.34791666666666665 0.2421875 0.35 0.25078125 0.3385416666666667 0.253125 0.325 0.2515625 0.32083333333333336 0.24609375 0.31979166666666664
46 0.12265625 0.209375 0.1203125 0.215625 0.12265625 0.22291666666666668 0.1296875 0.21979166666666666 0.1359375 0.21041666666666667 0.13203125 0.20416666666666666
46 0.1078125 0.21354166666666666 0.10703125 0.22083333333333333 0.1125 0.22291666666666668 0.12109375 0.209375 0.1140625 0.20625
24 0.21015625 0.6364583333333333 0.2046875 0.6625 0.2 0.6645833333333333 0.20859375 0.66875 0.21640625 0.690625 0.2265625 0.7020833333333333 0.2234375 0.7302083333333333 0.2375 0.7197916666666667 0.25390625 0.6958333333333333 0.28984375 0.6739583333333333 0.31328125 0.64375 0.3109375 0.6322916666666667 0.29453125 0.6260416666666667 0.28671875 0.61875 0.284375 0.603125 0.2796875 0.596875 0.24140625 0.5989583333333334 0.2375 0.6197916666666666 0.221875 0.6239583333333333