27 0.1669921875 0.052083333333333336 0.294921875 0.059895833333333336
26 0.060546875 0.9003958333333333 0.021484375 0.07421875
20 0.0390625 0.8880208333333334 0.021484375 0.09895833333333333
24 0.16015625 0.29791666666666666 0.15859375 0.30833333333333335 0.1921875 0.30625 0.1859375 0.27708333333333335 0.17890625 0.265625 0.1671875 0.2708333333333333
46 0.14765625 0.778125 0.146875 0.7822916666666667 0.15078125 0.7875 0.190625 0.7791666666666667 0.2046875 0.7677083333333333 0.2078125 0.75 0.18984375 0.7395833333333334 0.175 0.74375 0.1578125 0.7541666666666667
46 0.0515625 0.7510416666666667 0.0515625 0.7583333333333333 0.05859375 0.765625 0.075 0.7645833333333333 0.10234375 0.7479166666666667 0.10859375 0.7364583333333333 0.0984375 0.7239583333333334 0.08828125 0.7229166666666667 0.0671875 0.73125
46 0.51484375 0.540625 0.5140625 0.55 0.53125 0.5541666666666667 0.55 0.5510416666666667 0.5546875 0.5458333333333333 0.553125 0.5395833333333333 0.54375 0.53125 0.52734375 0.53125
46 0.55703125 0.5072916666666667 0.55703125 0.51875 0.5640625 0.5239583333333333 0.578125 0.51875 0.58359375 0.5052083333333334 0.57734375 0.496875 0.5671875 0.496875
46 0.85546875 0.546875 0.85390625 0.5541666666666667 0.8625 0.5645833333333333 0.8796875 0.5427083333333333 0.87109375 0.5375
46 0.88515625 0.5447916666666667 0.88046875 0.5583333333333333 0.88125 0.5677083333333334 0.89765625 0.5697916666666667 0.903125 0.5666666666666667 0.90546875 0.546875 0.90078125 0.540625 0.8921875 0.5364583333333334
5 0.48984375 0.46770833333333334 0.4921875 0.5552083333333333 0.5015625 0.5916666666666667 0.50546875 0.46979166666666666 0.5 0.4625 0.49375 0.4625