7 0.46640625 0.4552083333333333 0.46640625 0.484375 0.47265625 0.4895833333333333 0.47109375 0.5 0.4734375 0.503125 0.48515625 0.5020833333333333 0.4890625 0.48854166666666665 0.48828125 0.46979166666666666 0.48046875 0.4552083333333333 0.47109375 0.4583333333333333
7 0.4734375 0.43333333333333335 0.4671875 0.4427083333333333 0.48046875 0.45208333333333334 0.4921875 0.4510416666666667 0.49921875 0.45625 0.50703125 0.48020833333333335 0.50390625 0.49375 0.50703125 0.5083333333333333 0.496875 0.5833333333333334 0.49765625 0.5885416666666666 0.5015625 0.5885416666666666 0.51015625 0.521875 0.51953125 0.5052083333333334 0.51328125 0.4701385416666667 0.51640625 0.428125 0.5140625 0.428125 0.51015625 0.44166666666666665 0.503125 0.446875
7 0.38671875 0.390625 0.3953125 0.4166666666666667 0.38359375 0.496875 0.38671875 0.4947916666666667 0.390625 0.4791666666666667 0.39453125 0.4510416666666667 0.40390625 0.4354166666666667 0.42109375 0.44479166666666664 0.41953125 0.4635416666666667 0.425 0.47708333333333336 0.4390625 0.4791666666666667 0.4453125 0.465625 0.4390625 0.44166666666666665 0.4453125 0.42916666666666664 0.45703125 0.4322916666666667 0.45703125 0.42604166666666665 0.40703125 0.4 0.40703125 0.38958333333333334 0.41328125 0.38645833333333335 0.4078125 0.37916666666666665 0.3953125 0.3927083333333333
16 0.3921875 0.5291666666666667 0.3921875 0.5385416666666667 0.4 0.5510416666666667 0.4140625 0.5489583333333333 0.41953125 0.540625 0.42890625 0.5427083333333333 0.4390625 0.553125 0.45234375 0.553125 0.465625 0.5364583333333334 0.46484375 0.5270833333333333 0.45625 0.5135416666666667 0.421875 0.48020833333333335 0.41796875 0.48020833333333335 0.40546875 0.4947916666666667 0.40703125 0.5083333333333333
26 0.05234375 0.89375 0.05234375 0.93125 0.05625 0.9354166666666667 0.0671875 0.9333333333333333 0.06953125 0.89375 0.0671875 0.8885416666666667
20 0.02890625 0.9104166666666667 0.02734375 0.9177083333333333 0.03046875 0.91875 0.03359375 0.9302083333333333 0.0484375 0.9302083333333333 0.0453125 0.9114583333333334 0.03671875 0.90625
20 0.03046875 0.8791666666666667 0.03125 0.8927083333333333 0.03984375 0.8979166666666667 0.04296875 0.8791666666666667 0.0390625 0.8739583333333333
27 0.0234375 0.03125 0.025 0.07291666666666667 0.046875 0.075 0.05625 0.071875 0.0609375 0.036458333333333336 0.05859375 0.03125 0.0296875 0.027083333333333334
27 0.06328125 0.03854166666666667 0.06328125 0.046875 0.06875 0.057291666666666664 0.06328125 0.06666666666666667 0.06328125 0.07291666666666667 0.078125 0.07395833333333333 0.0921875 0.06666666666666667 0.0890625 0.042708333333333334 0.084375 0.035416666666666666 0.0765625 0.0375 0.06953125 0.03229166666666667
27 0.0984375 0.03229166666666667 0.096875 0.05416666666666667 0.09921875 0.071875 0.1265625 0.071875 0.13046875 0.05625 0.12890625 0.035416666666666666 0.1125 0.029166666666666667
27 0.13203125 0.03958333333333333 0.13125 0.058333333333333334 0.134375 0.071875 0.165625 0.07395833333333333 0.165625 0.03125 0.14296875 0.029166666666666667
27 0.171875 0.034375 0.16875 0.04791666666666667 0.17109375 0.07395833333333333 0.203125 0.07395833333333333 0.20234375 0.03229166666666667 0.18125 0.029166666666666667
27 0.20859375 0.034375 0.20625 0.051041666666666666 0.209375 0.07395833333333333 0.2375 0.07395833333333333 0.23984375 0.07083333333333333 0.2375 0.03229166666666667 0.21796875 0.030208333333333334
27 0.24296875 0.035416666666666666 0.24375 0.07395833333333333 0.27265625 0.07395833333333333 0.27578125 0.06979166666666667 0.27734375 0.046875 0.27421875 0.030208333333333334 0.2546875 0.029166666666666667
27 0.278125 0.03125 0.27890625 0.07395833333333333 0.29765625 0.07708333333333334 0.31171875 0.07083333333333333 0.3140625 0.04479166666666667 0.3109375 0.030208333333333334
45 0.78515625 0.03229166666666667 0.784375 0.057291666666666664 0.77890625 0.07083333333333333 0.78828125 0.07916666666666666 0.79921875 0.078125 0.8046875 0.06770833333333333 0.8 0.0375 0.79296875 0.03229166666666667
45 0.81796875 0.03125 0.81875 0.040625 0.83046875 0.04479166666666667 0.82890625 0.06875 0.8359375 0.084375 0.834375 0.09583333333333334 0.85390625 0.096875 0.859375 0.06875 0.8578125 0.051041666666666666 0.87109375 0.040625 0.86953125 0.03333333333333333 0.8453125 0.029166666666666667