27 0.1669921875 0.052083333333333336 0.294921875 0.059895833333333336
26 0.060546875 0.9003958333333333 0.021484375 0.07421875
20 0.0390625 0.8880208333333334 0.021484375 0.09895833333333333
3 0.46328125 0.39791666666666664 0.46328125 0.4083333333333333 0.4671875 0.4166666666666667 0.46796875 0.4
3 0.4734375 0.35833333333333334 0.4734375 0.3614583333333333 0.48046875 0.36041666666666666 0.50078125 0.353125 0.50234375 0.3489583333333333 0.49609375 0.346875 0.49375 0.3385416666666667
3 0.39921875 0.34375 0.3984375 0.34791666666666665 0.40234375 0.35208333333333336 0.4265625 0.35625 0.45 0.36666666666666664 0.459375 0.3927083333333333 0.4640625 0.39166666666666666 0.46171875 0.36770833333333336 0.45625 0.3572916666666667 0.415625 0.3416666666666667
33 0.425 0.19479166666666667 0.42421875 0.20729166666666668 0.43125 0.22291666666666668 0.4328125 0.2375 0.4375 0.2375 0.4390625 0.23125 0.44921875 0.228125 0.453125 0.23125 0.45546875 0.228125 0.45234375 0.20625 0.44375 0.19270833333333334 0.43203125 0.18854166666666666
46 0.6265625 0.20208333333333334 0.62578125 0.21041666666666667 0.6296875 0.21666666666666667 0.63984375 0.21979166666666666 0.63828125 0.203125 0.63359375 0.19791666666666666
46 0.621875 0.175 0.6234375 0.18541666666666667 0.6296875 0.18958333333333333 0.63671875 0.18854166666666666 0.63671875 0.18229166666666666 0.63203125 0.175
33 0.88203125 0.25729166666666664 0.871875 0.2708333333333333 0.871875 0.2791666666666667 0.8734375 0.29270833333333335 0.88359375 0.3 0.89375 0.28020833333333334 0.9 0.25833333333333336 0.8921875 0.25416666666666665
33 0.55703125 0.11041666666666666 0.55234375 0.11666666666666667 0.553125 0.12291666666666666 0.55625 0.12708333333333333 0.56953125 0.13020833333333334 0.5875 0.1125 0.58671875 0.10520833333333333 0.5796875 0.10104166666666667 0.56953125 0.10104166666666667