27 0.1669921875 0.052083333333333336 0.294921875 0.059895833333333336
26 0.060546875 0.9003958333333333 0.021484375 0.07421875
20 0.0390625 0.8880208333333334 0.021484375 0.09895833333333333
3 0.33125 0.4010416666666667 0.3296875 0.40520833333333334 0.33515625 0.4125 0.359375 0.41770833333333335 0.38515625 0.4354166666666667 0.396875 0.478125 0.40078125 0.5104166666666666 0.4046875 0.5041666666666667 0.4046875 0.48541666666666666 0.396875 0.4479166666666667 0.3984375 0.43020833333333336 0.440625 0.409375 0.4328125 0.4041666666666667 0.43203125 0.3927083333333333 0.4265625 0.40520833333333334 0.403125 0.42083333333333334 0.39296875 0.42291666666666666 0.34609375 0.39791666666666664
33 0.44921875 0.20625 0.4484375 0.21770833333333334 0.4859375 0.24791666666666667 0.49921875 0.23020833333333332 0.49453125 0.22708333333333333 0.48984375 0.21354166666666666 0.4671875 0.196875 0.45703125 0.19895833333333332
33 0.47734375 0.09791666666666667 0.47734375 0.11041666666666666 0.465625 0.11770833333333333 0.46328125 0.12604166666666666 0.4734375 0.13020833333333334 0.484375 0.15416666666666667 0.51953125 0.16875 0.51953125 0.1625 0.509375 0.153125 0.5015625 0.13645833333333332 0.49609375 0.10208333333333333 0.48828125 0.10416666666666667
46 0.60234375 0.22604166666666667 0.60546875 0.240625 0.61015625 0.24479166666666666 0.6171875 0.24166666666666667 0.61796875 0.23333333333333334 0.61328125 0.22291666666666668 0.60703125 0.22083333333333333
46 0.60078125 0.19270833333333334 0.5984375 0.2 0.60234375 0.20625 0.6078125 0.21041666666666667 0.615625 0.20833333333333334 0.615625 0.20208333333333334 0.6109375 0.19479166666666667
5 0.50390625 0.5427083333333333 0.50234375 0.628125 0.50390625 0.640625 0.50859375 0.6447916666666667 0.515625 0.5791666666666667 0.515625 0.5447916666666667 0.51171875 0.5364583333333334
12 0.04765625 0.078125 0.046875 0.09166666666666666 0.05703125 0.10104166666666667 0.0640625 0.12395833333333334 0.06953125 0.12291666666666666 0.0765625 0.13020833333333334 0.09140625 0.15833333333333333 0.09140625 0.153125 0.10078125 0.14895833333333333 0.10546875 0.15208333333333332 0.08203125 0.09791666666666667 0.06796875 0.09166666666666666 0.06015625 0.07604166666666666
33 0.76484375 0.2 0.76484375 0.21354166666666666 0.778125 0.22708333333333333 0.7828125 0.22604166666666667 0.778125 0.19270833333333334 0.77265625 0.190625