27 0.1669921875 0.052083333333333336 0.294921875 0.059895833333333336
26 0.060546875 0.9003958333333333 0.021484375 0.07421875
20 0.0390625 0.8880208333333334 0.021484375 0.09895833333333333
44 0.4990234375 0.8984375 0.06640625 0.0234375
46 0.5765625 0.46458333333333335 0.56953125 0.47708333333333336 0.5796875 0.49375 0.5859375 0.4979166666666667 0.60234375 0.49583333333333335 0.60625 0.4822916666666667 0.6015625 0.46770833333333334 0.58671875 0.459375 0.58125 0.459375
46 0.446875 0.4375 0.44609375 0.4427083333333333 0.453125 0.46145833333333336 0.459375 0.4625 0.47890625 0.453125 0.478125 0.43854166666666666 0.46953125 0.43125 0.45703125 0.43020833333333336
46 0.6171875 0.2625 0.61796875 0.27291666666666664 0.62578125 0.28125 0.6359375 0.28125 0.6453125 0.2708333333333333 0.64140625 0.25729166666666664 0.63671875 0.25416666666666665 0.62578125 0.25416666666666665
46 0.60859375 0.221875 0.6078125 0.22708333333333333 0.61484375 0.234375 0.6265625 0.234375 0.63203125 0.23020833333333332 0.63046875 0.21979166666666666 0.62421875 0.21458333333333332 0.61328125 0.215625
46 0.42890625 0.16041666666666668 0.43046875 0.16979166666666667 0.43984375 0.17083333333333334 0.44609375 0.165625 0.44296875 0.15625 0.43359375 0.15625
46 0.14140625 0.115625 0.13984375 0.121875 0.14375 0.12916666666666668 0.16171875 0.12916666666666668 0.16015625 0.11875 0.14921875 0.11354166666666667
46 0.1390625 0.08541666666666667 0.1390625 0.09166666666666666 0.14375 0.096875 0.16015625 0.09583333333333334 0.159375 0.08958333333333333 0.1515625 0.08125