27 0.1669921875 0.052083333333333336 0.294921875 0.059895833333333336
26 0.060546875 0.9003958333333333 0.021484375 0.07421875
20 0.0390625 0.8880208333333334 0.021484375 0.09895833333333333
47 0.50234375 0.6770833333333334 0.503125 0.6927083333333334 0.51015625 0.69375 0.51171875 0.675
47 0.49375 0.5510416666666667 0.496875 0.6125 0.5015625 0.6354166666666666 0.50859375 0.6447916666666667 0.5046875 0.55625 0.49921875 0.5447916666666667 0.49609375 0.5447916666666667
49 0.64296875 0.36666666666666664 0.64921875 0.3729166666666667 0.67109375 0.3729166666666667 0.671875 0.3489583333333333 0.6578125 0.346875
49 0.5171875 0.3333333333333333 0.51484375 0.334375 0.51484375 0.3572916666666667 0.5171875 0.36041666666666666 0.540625 0.36354166666666665 0.5671875 0.334375 0.5703125 0.32395833333333335 0.559375 0.32083333333333336 0.553125 0.32395833333333335 0.5484375 0.3333333333333333
49 0.51875 0.390625 0.51875 0.39791666666666664 0.52890625 0.415625 0.5359375 0.4197916666666667 0.5453125 0.41875 0.63828125 0.3020833333333333 0.640625 0.28958333333333336 0.6375 0.28229166666666666 0.6265625 0.271875 0.61484375 0.27395833333333336
49 0.57109375 0.3875 0.5703125 0.39375 0.58125 0.4010416666666667 0.59140625 0.41875 0.6078125 0.415625 0.690625 0.303125 0.69296875 0.2916666666666667 0.6875 0.2791666666666667 0.675 0.26979166666666665 0.66796875 0.2708333333333333 0.63828125 0.30625 0.63515625 0.315625 0.61875 0.32708333333333334
49 0.6015625 0.4114583333333333 0.59765625 0.41770833333333335 0.59765625 0.425 0.609375 0.44895833333333335 0.615625 0.4552083333333333 0.634375 0.44895833333333335 0.6359375 0.440625 0.615625 0.39791666666666664
49 0.6328125 0.3854166666666667 0.6390625 0.44583333333333336 0.65859375 0.45625 0.66796875 0.45416666666666666 0.675 0.4427083333333333 0.66796875 0.42604166666666665 0.659375 0.37604166666666666 0.64140625 0.3729166666666667 0.6390625 0.3802083333333333
46 0.57890625 0.19583333333333333 0.5796875 0.20416666666666666 0.58828125 0.21354166666666666 0.59375 0.21354166666666666 0.59921875 0.20729166666666668 0.59453125 0.19166666666666668 0.58125 0.19166666666666668