27 0.1669921875 0.052083333333333336 0.294921875 0.059895833333333336
26 0.060546875 0.9003958333333333 0.021484375 0.07421875
20 0.0390625 0.8880208333333334 0.021484375 0.09895833333333333
3 0.46953125 0.9333333333333333 0.46796875 0.9458333333333333 0.51484375 0.9645833333333333 0.54296875 0.965625 0.5828125 0.953125 0.60859375 0.9520833333333333 0.61796875 0.94375 0.6796875 0.940625 0.7125 0.9572916666666667 0.7375 0.9520833333333333 0.765625 0.9572916666666667 0.77578125 0.9510416666666667 0.77734375 0.95625 0.7921875 0.959375 0.8 0.9489583333333333 0.7828125 0.9385416666666667 0.790625 0.896875 0.79921875 0.8833333333333333 0.8203125 0.865625 0.81171875 0.865625 0.78984375 0.8854166666666666 0.76640625 0.934375 0.70703125 0.9197916666666667 0.70078125 0.915625 0.69375 0.9020833333333333 0.6984375 0.853125 0.71171875 0.8177083333333334 0.69921875 0.803125 0.69375 0.8114583333333333 0.6859375 0.9010416666666666 0.67734375 0.9125 0.6265625 0.9145833333333333 0.60625 0.9208333333333333 0.57421875 0.9166666666666666 0.54765625 0.9291666666666667 0.49765625 0.9229166666666667 0.48046875 0.9125 0.47578125 0.91875 0.47265625 0.9322916666666666
44 0.4990234375 0.8984375 0.06640625 0.0234375
46 0.83203125 0.8135416666666667 0.83359375 0.825 0.84921875 0.8416666666666667 0.87109375 0.8458333333333333 0.88046875 0.840625 0.878125 0.8197916666666667 0.8703125 0.809375 0.859375 0.8041666666666667 0.840625 0.8041666666666667
46 0.86953125 0.8197916666666667 0.8765625 0.8416666666666667 0.88359375 0.8458333333333333 0.903125 0.8489583333333334 0.915625 0.8427083333333333 0.91484375 0.8260416666666667 0.90625 0.8166666666666667 0.88046875 0.8114583333333333
3 0.7234375 0.971875 0.7234375 0.9760416666666667 0.73984375 0.9989583333333333 0.76015625 0.9989583333333333 0.7515625 0.984375 0.74921875 0.9729166666666667 0.73125 0.96875
46 0.67109375 0.45729166666666665 0.6734375 0.47291666666666665 0.67734375 0.47604166666666664 0.7015625 0.4791666666666667 0.70703125 0.475 0.69921875 0.46145833333333336 0.68203125 0.4552083333333333
3 0.40703125 0.878125 0.40703125 0.8927083333333333 0.41328125 0.903125 0.4171875 0.9197916666666667 0.43125 0.9239583333333333 0.4390625 0.9125 0.44375 0.9114583333333334 0.459375 0.925 0.47578125 0.909375 0.43203125 0.8822916666666667
3 0.05 0.36875 0.0328125 0.3770833333333333 0.01328125 0.378125 0 0.37395833333333334 0 0.38229166666666664 0.01953125 0.3875 0.0578125 0.3697916666666667