26 0.060546875 0.9003958333333333 0.021484375 0.07421875
20 0.0390625 0.8880208333333334 0.021484375 0.09895833333333333
45 0.84278125 0.06445833333333334 0.068359375 0.08203125
27 0.08642968749999999 0.053385416666666664 0.1357421875 0.0625
44 0.501953125 0.8997395833333334 0.05078125 0.0234375
32 0.50234375 0.3875 0.5046875 0.409375 0.51171875 0.4197916666666667 0.51875 0.41875 0.5296875 0.40208333333333335 0.5296875 0.39375 0.51953125 0.38125
32 0.4421875 0.3229166666666667 0.44609375 0.33958333333333335 0.45625 0.340625 0.4625 0.334375 0.4625 0.325 0.45625 0.31875 0.44921875 0.3177083333333333
32 0.3328125 0.3302083333333333 0.33359375 0.3375 0.340625 0.34270833333333334 0.353125 0.33645833333333336 0.346875 0.3229166666666667 0.33828125 0.32395833333333335
32 0.91796875 0.37916666666666665 0.91484375 0.396875 0.921875 0.40520833333333334 0.9421875 0.396875 0.94765625 0.3875 0.94375 0.3729166666666667 0.92890625 0.365625 0.92109375 0.36875
32 0.103125 0.37916666666666665 0.10234375 0.3885416666666667 0.10703125 0.3927083333333333 0.115625 0.3927083333333333 0.1234375 0.384375 0.1234375 0.3802083333333333 0.11484375 0.3729166666666667
3 0.33125 0.24479166666666666 0.3296875 0.24791666666666667 0.33828125 0.26458333333333334 0.340625 0.25729166666666664 0.353125 0.25833333333333336 0.35234375 0.2791666666666667 0.36171875 0.2989583333333333 0.365625 0.29583333333333334 0.36328125 0.265625 0.371875 0.25416666666666665 0.39453125 0.25104166666666666 0.40390625 0.259375 0.403125 0.26458333333333334 0.4296875 0.2552083333333333 0.44453125 0.2625 0.4625 0.2604166666666667 0.47734375 0.2635416666666667 0.48828125 0.25833333333333336 0.49140625 0.2520833333333333 0.484375 0.23645833333333333 0.4640625 0.2552083333333333 0.4546875 0.2552083333333333 0.440625 0.246875 0.42265625 0.24270833333333333 0.4078125 0.24791666666666667 0.4 0.240625 0.35 0.25