7 0.5484375 0.38333333333333336 0.55 0.403125 0.5359375 0.4114583333333333 0.5671875 0.4822916666666667 0.559375 0.403125 0.553125 0.38333333333333336
7 0.54921875 0.38229166666666664 0.55 0.3958333333333333 0.53671875 0.4114583333333333 0.5515625 0.41458333333333336 0.55078125 0.4395833333333333 0.5671875 0.4822916666666667 0.559375 0.4041666666666667 0.553125 0.384375
7 0.42734375 0.4322916666666667 0.4265625 0.4822916666666667 0.42109375 0.5166666666666667 0.43359375 0.5252083333333333 0.43515625 0.5510416666666667 0.4390625 0.5541666666666667 0.4375 0.4791666666666667 0.459375 0.478125 0.46171875 0.49270833333333336 0.48046875 0.496875 0.47890625 0.4583333333333333 0.47265625 0.4510416666666667 0.47421875 0.43020833333333336 0.49296875 0.421875 0.5125 0.4197916666666667 0.515625 0.421875 0.51875 0.4395833333333333 0.52265625 0.4375 0.52734375 0.4125 0.52109375 0.4083333333333333 0.4421875 0.4270833333333333 0.43671875 0.41875 0.43515625 0.4041666666666667 0.43203125 0.40729166666666666
7 0.42734375 0.4322916666666667 0.42578125 0.484375 0.42109375 0.5166666666666667 0.43359375 0.525 0.434375 0.5489583333333333 0.4390625 0.5541666666666667 0.43828125 0.46041666666666664 0.459375 0.4635416666666667 0.46015625 0.490625 0.465625 0.4947916666666667 0.48046875 0.4947916666666667 0.48125 0.47708333333333336 0.509375 0.475 0.51484375 0.48125 0.5234375 0.4822916666666667 0.53203125 0.48020833333333335 0.53359375 0.47604166666666664 0.534375 0.46458333333333335 0.52265625 0.42916666666666664 0.52734375 0.4125 0.52265625 0.4083333333333333 0.44609375 0.4270833333333333 0.43828125 0.42291666666666666 0.43515625 0.4041666666666667 0.43203125 0.40729166666666666 0.43203125 0.4197916666666667
26 0.05234375 0.89375 0.05234375 0.93125 0.05625 0.9364583333333333 0.06640625 0.934375 0.06875 0.9302083333333333 0.06875 0.89375
7 0.51171875 0.45 0.51015625 0.47604166666666664 0.51796875 0.4822916666666667 0.53203125 0.478125 0.534375 0.465625 0.5296875 0.46979166666666666 0.5203125 0.46979166666666666 0.51328125 0.46145833333333336
20 0.02890625 0.8864583333333333 0.034375 0.8916666666666667 0.03203125 0.9052083333333333 0.0265625 0.9145833333333333 0.0328125 0.93125 0.0484375 0.9322916666666666 0.05078125 0.928125 0.0484375 0.8947916666666667 0.04296875 0.8791666666666667 0.034375 0.8760416666666667
27 0.021875 0.03125 0.02109375 0.07083333333333333 0.0234375 0.08020833333333334 0.04765625 0.07916666666666666 0.053125 0.08333333333333333 0.05 0.09479166666666666 0.119140625 0.09375 0.1142578125 0.08463541666666667 0.13671875 0.09244791666666667 0.1494140625 0.08854166666666667 0.169921875 0.0859375 0.185546875 0.0859375 0.1953125 0.09114583333333333 0.1962890625 0.09505208333333333 0.2099609375 0.09244791666666667 0.220703125 0.09765625 0.234375 0.09635416666666667 0.2451171875 0.09635416666666667 0.2841796875 0.10026041666666667 0.2724609375 0.10026041666666667 0.2978515625 0.09635416666666667 0.3037109375 0.10026041666666667 0.310546875 0.10546875 0.314453125 0.10416666666666667 0.326171875 0.09765625 0.333984375 0.09765625 0.3349609375 0.09375 0.334375 0.053125 0.3203125 0.034375 0.31015625 0.029166666666666667 0.284375 0.03229166666666667 0.2796875 0.027083333333333334 0.27421875 0.03229166666666667 0.24609375 0.03229166666666667 0.24296875 0.028125 0.17265625 0.029166666666666667 0.07421875 0.020833333333333332 0.06953125 0.028125 0.02421875 0.028125
5 0.3875 0.5791666666666667 0.38671875 0.5885416666666666 0.3921875 0.5947916666666667 0.4109375 0.6083333333333333 0.4296875 0.615625 0.43125 0.6052083333333333 0.428125 0.596875 0.3953125 0.5760416666666667
45 0.83515625 0.08333333333333333 0.834375 0.09583333333333334 0.8375 0.09791666666666667 0.85390625 0.09479166666666666 0.85234375 0.08333333333333333
45 0.78359375 0.03229166666666667 0.78359375 0.053125 0.778125 0.06770833333333333 0.78203125 0.07708333333333334 0.7890625 0.08020833333333334 0.8015625 0.078125 0.81171875 0.06354166666666666 0.825 0.06458333333333334 0.83515625 0.08020833333333334 0.85546875 0.07916666666666666 0.859375 0.05 0.87265625 0.042708333333333334 0.87109375 0.03125 0.859375 0.029166666666666667 0.82109375 0.028125 0.81484375 0.03229166666666667